0.016204964
0.06388465
-0.22373411
0.10599846
0.01183446
-0.07207911
0.024313927
0.029594347
0.053094134
0.057931382
0.09604313
-0.20108075
-0.079086564
-0.1685992
-0.06809645
-0.08394609
-0.14526749
0.12042552
-0.1230245
-0.12135862
-0.01733451
-0.12164581
0.09346278
0.052535348
-0.13616568
-0.10811047
-0.2531701
0.19005136
0.28917307
-0.12302526
-0.018454922
0.054869976
-0.008623068
-0.036569487
-0.12731436
-0.08499685
0.010341132
0.06514097
0.179135
0.14032938
0.009821025
-0.045260526
0.05794436
0.19035779
0.024450382
-0.16917096
0.13725096
0.03743047
0.23149507
0.12603423
-0.18614367
-0.14657722
0.1366957
-0.0750517
0.019396096
0.0140148215
0.048007432
-0.13085867
0.16279449
0.012091919
0.037281536
0.034827247
0.04887949
-0.12360355
0.05588692
-0.19349912
0.04151344
-0.032636814
-0.12021962
0.0595481
0.0912009
-0.027306033
-0.15063787
-0.015834639
-0.15134549
0.036283817
-0.026806397
-0.17700891
0.0073109497
-0.035662316
-0.017089255
-0.10532777
0.07687001
-0.10430768
-0.06646649
0.13224101
-0.050842308
0.068407565
0.052944418
-0.041059177
-0.091457814
0.1587895
-0.11235284
0.11658339
-0.020386897
-0.15448496
0.10855653
0.011261031
0.10094724
-0.21767905
-0.0039997543
-0.11569231
0.103280865
-0.08979293
0.16561896
-0.14816676
0.0011077834
0.060410015
-0.0133494465
0.017233068
-0.19682291
-0.038036983
0.19956776
0.20793982
-0.05122649
-0.073068045
-0.03894068
-0.20269363
-0.11319231
-0.06828391
-0.060341768
-0.00494773
-0.2661584
-0.0861928
-0.036194418
0.05789535
0.057453956
0.093459114
-0.0135801
0.041049596
-0.11815887
0.052173037
-0.110797
0.17207032
-0.06987941
-0.008840704
-0.07380816
0.036686037
0.101794556
0.25562894
0.113934025
-0.10459166
-0.059401803
0.13952826
0.09648731
0.123951554
-0.11938132
0.22665095
-0.041270826
-0.10120697
0.287932
-0.074008554
-0.34203744
0.101807326
0.008909854
-0.084519945
-0.010091681
0.040658273
-0.059955105
-0.02006661
-0.035103157
0.05382502
0.17113511
-0.0093409065
-0.016113162
-0.06554795
0.10029883
0.022339104
-0.05058001
0.13338919
-0.058393255
0.067187645
-0.0021684058
0.14934601
-0.16447817
0.010020686
0.15077303
0.08977068
-0.06187648
-0.048156746
-0.19269934
-0.17826717
0.024414692
-0.05563487
-0.0062756035
0.009730001
0.010252183
-0.0533061
-0.031789795
0.21814576
-0.1334114
-0.1942188
-0.11487719
-0.0074351225
0.09477374
0.1379885
0.081496626
-0.018911196
-0.101468705
0.041722883
0.08972381
-0.17995615
-0.06950488
-0.008907096
-0.075027
-0.033376873
0.2006358
-0.039751742
0.079783514
0.0029976908
-0.37343526
-0.053963166
-0.019290732
-0.18021403
-0.19015868
0.1639193
0.16107054
-0.15256235
0.0403161
0.053736165
0.069895506
0.06753302
0.052156642
-0.05453654
0.14649843
-0.081423424
0.10979751
0.06817883
0.12413615
0.034570307
0.04553665
-0.11986616
-0.029248564
0.022770055
0.011102236
-0.04073286
0.12663367
-0.019286549
0.103661366
0.042567853
0.21354654
-0.21644379
0.0015297615
-0.121240154
0.10288491
0.0045334063
0.06300983
0.03714305
0.032566957
0.037180625
-0.16048479
0.030899245
-0.04451474
0.0616114
0.033574246
-0.008072864
-0.03927645
-0.07716483
-0.23423518
-0.05714485
-0.024113214
0.05441666
0.09560598
0.033410065
0.06388577
0.076539606
-0.2510806
-0.04333302
-0.08066949
-0.007065996
-0.15167823
0.10950695
-0.10097423
0.19037198
0.21122555
-0.08354021
-0.01716677
0.060552742
0.0094754575
0.068112895
0.07983582
-0.001682731
0.14478125
0.01692346
-0.014359304
-0.19547021
-0.013031476
0.051270176
0.15909955
0.1515924
-0.07122779
0.05652688
-0.10589606
0.009602336
0.12647286
0.09194108
0.028606262
0.099634655
0.084300704
0.14513353
-0.02414826
-0.013027908
-0.082652815
0.13927133
-0.036660373
-0.05767633
0.053750366
-0.13774717
-0.002956277
0.11021523
-0.034837514
-0.19819866
0.0125798825
0.09569973
-0.17536385
0.06108521
-0.025986178
0.093035445
-0.0074369134
-0.088049024
0.053036682
-0.024694476
-0.0013342358
0.030798074
-3.3611147E-4
-0.034955394
-0.13049805
0.09239702
0.09437154
-0.12179082
-0.02251372
0.096211515
0.0866778
0.07993369
-0.072717816
-0.090859324
0.12800391
0.06687107
-0.09117146
0.042210784
-0.045278054
0.0061250194
0.04748395
-0.043764737
0.006542596
-0.07335288
-0.10252409
-0.037446074
0.13765298
0.054295853
-0.04184193
-0.022064608
0.07662617
-0.03720497
0.006487618
-0.032591607
0.038544625
0.007831292
0.02237172
-0.03993032
-0.02538389
0.021938661
-0.053162944
-0.09348727
-0.018069698
0.08934734
-0.17787932
0.03371486
0.13059512
0.13260594
0.24604337
0.08956026
-0.103909105
-0.06655077
-0.15964358
-0.004978694
0.11272546
-0.06740964
0.04436255
7.852961E-4
0.079155535
-0.07908111
-0.11707832
-0.04975782
-0.07657535
0.058395725
0.024153514
0.12018673
0.08526498
0.009412556
-0.15300441
0.04699791
-0.08287189
7.217173E-5
-0.033313587
-0.11600993
0.070647374
-0.1187355
0.086109065
-0.12667204
-0.12622634
-0.08883443
0.013985099
-0.051094927
-0.07270246
0.013711496
0.24966249
0.107637174
-0.03559803
-0.023700561
-0.009745615
-0.08763793
0.10490509
0.08701653
-0.012160588
-0.03767362
-0.029443946
-0.0380155
0.031220958
0.12610383
0.034085546
0.0032914726
-0.09357871
-0.057126645
0.1986623
0.044184726
-0.055329148
0.06406984
0.060033906
0.0971079
-0.096256725
0.014912578
-0.06482874
0.09324639
0.010249043
0.18156378
-0.063528866
0.0036222893
0.03942434
0.053442124
0.0742522
-0.062257253
0.022079155
-0.024665996
0.05481475
0.06173286
-0.0669934
0.0786591
0.025610998
-0.034604747
0.14159012
-0.111451216
-0.015172788
0.070786685
0.02475873
-0.10672056
-0.20440096
-9.5210277E-4
-0.03249669
0.012359086
0.01391593
0.02872422
0.13393825
-0.046225563
-0.017789684
-0.052594412
0.015639959
-0.06553566
-0.096517056
0.09974688
-0.06479819
0.026481396
-0.13703194
0.05019424
-0.11896804
-0.027694292
0.17371318
-0.16816682
-0.039367914
-0.022009255
-0.07281544
-0.06405134
-0.039077178
0.015743509
-0.0177436
-0.1025964
0.0346463
-0.0049145017
0.04739602
0.1251637
-0.031265043
-0.04205119
0.0016472476
0.10039343
0.07648014
0.08061683
-0.062101487
-0.016392516
-0.07953196
-0.030849522
-0.021953011
-0.03997331
-0.05346835
-0.06646265
0.0667987
0.024702135
0.0016584934
-0.015993245
-0.010103717
0.024590755
-0.14801362
0.017591253
-0.09128789
-0.041112933
0.046665784
-0.021704458
-0.06251409
0.008174748
-0.0074099847
0.028161904
-0.10947334
0.02712057
0.021234168
0.055958826
-0.04327751
0.0056429114
0.08067507
-0.06697679
0.0128460955
-8.517841E-4
0.08182866
0.029045131
-0.043561507
-0.025969839
0.03359866
0.029037336
0.030697668
-8.164688E-4
0.17187268
-0.035856813
0.2036017
-0.055069838
-0.0026933646
-0.16371144
0.027712002
-0.08477186
-0.030777201
-0.033066384
-0.029571362
-0.062018726
-0.039748836
0.038146745
0.11805121
0.170772
0.055027466
-0.11134396
0.01824938
-0.0018129619
-0.033548612
-0.05840639
0.06868229
0.11945457
-0.078224346
-0.14027324
0.05203549
0.099695444
-0.10798112
-0.036823817
5.027476E-4
-0.05259094
-0.15882191
0.14572103
-0.016773287
0.1447059
0.19204889
-0.066333845
-0.009837533
-0.05136429
-0.0046360637
0.16855891
-0.04495876
0.07439715
0.1942669
0.018327396
0.020064525
-0.030118505
-0.035339095
0.04481087
0.0029510988
0.006447773
-0.07267604
0.019753033
-0.08946413
0.043334153
0.05365541
-0.05738418
0.12633413
0.021910269
0.04479959
0.1730954
0.10654936
-0.10989393
-0.05065066
-0.09211064
-0.037233163
0.1271877
0.018028896
-0.03738955
0.17947057
0.124821395
-0.11379168
0.0825638
-0.045485254
0.007175105
-0.033879664
0.21620823
0.01622148
0.15955232
-0.0923374
-0.1530807
0.13122341
0.04049843
0.26058882
-0.039066903
0.04131249
-0.07375984
0.019505791
0.0021205435
-0.022870934
0.08982665
-0.026625114
-0.24314627
0.005485892
0.070169985
0.028665453
-0.028833764
0.19326097
0.0013133931
0.09642651
-0.04642305
0.009538714
-0.023589546
0.008552355
-0.15443818
-0.18529296
-0.06658051
-0.1210809
-0.028688334
-0.13565332
0.096230924
0.032952514
-0.0037719985
-0.16658689
0.023340588
0.006248092
0.17373407
-0.07470911
-0.21954226
-0.057734746
-0.0878813
0.02256102
0.24079986
-0.035529386
-0.009986999
-0.05608873
-0.030673854
-0.072647445
-0.004839969
-0.027974404
-0.050483286
0.18610547
-0.012369087
0.071409844
0.034810342
0.01353051
0.071997404
0.1223957
-0.08224289
0.17940415
0.04409907
0.11625819
0.066157706
-0.022498649
-0.1054646
-0.046177763
-0.12147377
-0.100506224
0.264766
0.08088247
0.026239969
0.14294009
0.006128842
-0.17397971
0.14962076
-0.14105713
0.048681766
0.09507575
0.061146636
0.122513995
-0.02391173
-0.13227814
-0.007551394
0.15852353
-0.06339481
-0.056944836
0.058157604
0.014843017
0.08525261
0.12846994
-0.131418
-0.19725288
-0.02287352
0.01728829
0.11636924
-0.16393891
-0.06210067
0.17239688
0.0043579484
0.17567314
0.23561457
-0.0974916
0.13614286
-8.376697E-4
-0.004399049
-0.14221717
0.056586422
-0.032879576
-0.13944937
0.17762378
-0.011268213
-0.18167114
-0.10723455
-0.0037948922
0.053194877
-0.025756868
0.060205873
0.069543675
7.9197396E-4
-0.05957257
0.021186335
0.08924916
-0.006621121
-0.06141695
-0.09486144
-0.06263588
-0.07621009
-0.20855835
0.061723527
0.05356126
-0.02796701
0.228744
0.102809444
0.034205522
-0.044491377
0.020613844
-0.16463763
-0.080391616
-0.06852368
-0.08785724
-0.07978473
0.03306449
-0.04684771
0.047611255
-0.06377848
-0.14642882
-0.14403068
0.11776592
0.055563416
-0.010227111
0.12169
0.093628556
-0.016142383
-0.052472346
-0.16385274
0.004427724
-0.21785198
0.08328555
-0.093032
0.010267511
-0.18222833
0.0101094935
-0.06701996
-0.06520719
0.07086657
0.060125034
0.09682207
-0.039460134
0.08325691
0.12201516
0.109897494
0.10940006
-0.053808723
0.034475993
0.16151051
-0.026315192
0.062215474
-0.056685228
0.12075477
-0.050406944
0.1646229
0.1308734
0.0022436227
-0.115449786
0.013573959
-0.080180004
0.09869057
0.18545969
-0.07939201
-2.9088155E-4
-0.06453839
0.04360556
-0.037116308
-0.020893445
0.028736793
0.007525776
0.035642132
-0.1803072
0.20268284
-0.10374462
-0.14973952
-0.042915855
0.004328757
-0.0373631
0.09915424
0.13849567
0.08024765
0.14093518
0.19053316
0.22322316
0.13440163
-0.024036646
0.12302588
-0.06331068
0.026623044
0.04626487
-0.11248789
0.15075533
0.13681059
0.16752611
-0.08665739
0.076695554
-0.15946253
0.002998719
-0.25628978
-0.0023726185
0.17775218
5.992584E-4
0.16515249
0.0014886592
0.19005516
0.17278524
-0.082907505
-0.106629215
-0.0039624223
-0.07554068
-0.07306813
0.052148927
-0.044416666
-0.07992534
-0.17836869
0.030968899
0.11604207
-0.12786372
0.13495144
-0.06572751
0.2545381
-0.017719489
-0.07435196
-0.07808422
-0.07431888
0.04325894
0.14434119
0.19689405
0.0847337
-0.0493691
0.079121664
-0.06593727
0.025351837
0.20206812
0.10380028
-0.12875055
-0.07916962
0.061910935
0.111222096
0.047468722
-0.12857352
0.06630909
0.1656603
0.108707055
-0.008693297
0.052801866
0.13873163
-0.07868858
-0.014274599
-0.056348477
0.005570918
0.10570131
-0.1713666
-0.12518357
0.1480879
-0.12890859
-0.01166945
0.031498563
0.26753616
-0.082849994
0.009781364
-0.049150623
-0.15918723
-0.053776238
0.105970204
-0.1255319
-0.27661067
-0.18197682
-0.09767515
0.014769353
0.14787999
0.026746245
0.22373675
0.012478816
-0.100243695
-0.046236046
-0.1025342
0.20994078
-0.057345014
-0.15341465
0.13571277
-0.17000407
0.10756853
0.012696832
-0.052513365
0.030722097
0.048413794
-0.15680222
-0.09078969
-0.19068809
0.07950608
-0.19600163
0.0923449
0.22140704
0.006561826
-0.029024953
0.054285172
0.2799386
0.14780752
0.16134796
0.0059644068
0.06304545
-0.15763544
-0.23101917
0.028443014
-0.12617032
0.021302078
0.1585653
0.10460413
-0.13458514
-0.02081771
-0.2975448
0.0034500258
-0.025087642
-0.14797503
-0.05417879
0.016692666
-0.059753645
-0.038625948
-0.052177984
-0.26926672
-0.015952963
-0.098772414
-0.11768786
0.05150257
-0.0038680537
0.2521137
-0.057549007
0.05143706
-0.18715113
-0.1262751
0.06434746
0.0102547975
-0.107468426
-0.013873288
-0.23350577
0.10622845
-0.02842165
-0.15842023
0.08100271
0.09119277
-0.020137234
0.08991373
-0.049751077
0.07007354
-0.054044247
0.10084829
-0.16663022
-0.07550721
-0.043506265
0.14004757
-0.04190756
-0.11957502
0.3274949
0.06577218
-0.11836478
0.09460093
0.05077811
0.07261465
-0.111620806
0.16457993
-0.18431273
0.111912176
0.10642306
-0.05764557
-0.13519976
-0.15911266
0.027609872
-0.023675162
0.05195022
0.08862192
-0.11879353
-0.20570713
0.10856806
-0.011074406
-0.056306686
-0.084900945
-0.0957517
0.040388707
0.13543446
-0.041300874
-0.13927065
0.08711521
8.8879373E-4
-0.023208214
-0.118658654
0.043541517
0.048818406
0.06554806
-0.06815303
-0.06710897
-0.27021965
-0.1117834
0.15263516
0.025432236
0.22614238
-0.19713674
0.05244742
-0.010658782
-0.01326826
-0.07968397
0.05996563
0.029716115
0.015146063
-0.17802688
0.25962347
-0.25420034
-0.0673221
-0.13743132
-0.10278167
-0.27671984
0.013858869
0.2950095
-0.06193096
0.038860995
-0.046371106
0.08455448
-0.012395503
-0.06410637
0.049939997
-0.24607848
0.0800263
0.0099032335
-0.18082285
0.20350826
-0.34449226
0.037153456
0.012666722
-0.06628006
-0.0330323
0.013224687
0.28883642
-0.33052102
0.25893992
-0.2324453
0.010103974
-0.10469201
-0.1376964
-0.093560964
0.014561639
0.12375133
0.003224125
-0.004356547
0.10321605
0.02759817
0.05646328
0.12576789
-0.10789105
-0.06250608
0.23484759
0.16007024
-0.093970165
0.03020434
-0.042990696
-0.16769952
-0.18870395
0.010683604
-0.05016265
-0.24884412
-0.07220995
-0.092622414
0.018441679
-0.15874365
-0.1789086
0.17335267
3.1104565E-4
0.063330434
-0.2486168
-0.042604968
-0.16789074
-0.0034315658
0.08483739
-0.070426814
-0.08131247
-0.0052456236
-0.09212416
-0.14649452
0.23039305
0.05998798
-0.04808236
-0.032845728
0.1133799
0.08059415
0.097531825
-0.06065027
0.024686635
-0.15070966
0.02763655
-0.081947036
-0.03921188
0.068499
0.050396074
0.12086606
0.043641776
0.053740658
0.21937084
0.11419154
-0.03522688
0.11419254
-0.12737142
0.13056728
-0.20607483
0.1291933
-0.13505079
-0.03890962
0.1812396
0.050671473
0.1753432
0.13808917
0.14860345
-0.18452719
-0.04655367
-0.010524442
0.20692012
-0.06188209
0.08610559
-0.018383343
0.22368212
-0.1724008
0.017791035
-0.07037403
-0.196835
-0.06894882
0.020162283
-0.13052362
-0.1309051
-0.0043453653
0.065364
0.028544415
0.0626104
-0.013011574
-0.03051793
-0.05424978
-0.21575527
0.21992569
-0.099476755
0.07938751
0.0715363
0.068867415
-0.045267653
-0.033645384
-0.010328924
0.09782293
-0.01845288
0.037297614
-0.007584556
0.19599344
0.02572217
0.095937386
-0.046704803
-0.012418429
-0.19069341
-0.04865467
-0.036010705
0.13724136
0.054310862
-0.079662755
0.047722533
-0.023455016
0.07718075
0.09981415
0.001376417
-0.14544661
0.0834215
0.03926946
0.293706
-0.27253276
-0.06683475
-0.07898891
-0.11245529
0.011933512
-0.017867954
0.1770645
-0.10414738
0.029674286
0.01540563
0.051501047
0.24195056
0.03554273
0.1560116
-0.15769622
-0.17267911
0.12095721
0.050074644
-0.12899058
0.116947785
-0.02650923
-0.12510054
0.10694897
-0.040569093
0.08022041
0.28128812
-0.01390705
0.0062117386
0.057072666
0.14103748
-0.075001076
0.22800174
-0.11812512
0.2103579
-0.012209106
-0.08418919
-0.009607467
-0.016605329
-0.10878811
-0.08212742
0.09181156
0.08471793
-0.083665
0.07190989
-0.017461257
-0.21344501
0.0020908716
-0.0030724104
-0.05944608
0.118312456
0.10510086
0.078424335
0.044141706
0.08137729
0.015900861
-0.053052478
-0.015402891
0.042989027
0.046014477
0.19288512
0.064472534
-0.18435416
0.1255468
-0.2262042
0.28329822
0.05430201
-0.10707807
0.10877122
0.09924349
0.18128882
0.039011236
-0.09185493
-0.18051675
-0.12696984
0.1101143
-0.059297156
0.20501214
-0.015439584
-0.055696014
-0.08900568
-0.13504143
-0.14919543
-0.013734291
0.033814367
-0.045293353
0.09215812
0.034843083
0.12191774
-0.12299064
-0.15924697
-0.14087279
0.18908785
-0.19252476
-0.06357302
-0.102797486
-0.07298896
0.10189031
0.08070558
0.12191872
0.024783159
0.10769535
0.11364652
-0.016667547
-0.043639027
-0.07956132
-0.12606889
-0.07037375
0.07509761
0.024840433
0.00984852
0.07884764
-0.048041463
-0.084966846
0.013657933
-0.03856794
0.048738718
0.030459585
0.022876224
0.039612498
-0.10920709
-0.0486321
-0.024396997
0.026538735
-0.05285254
0.123797245
0.045913234
0.056593407
0.123246446
0.1017658
0.20894992
0.052295275
-0.035294574
-0.067239486
0.09578133
0.18497762
-0.17806768
0.10326322
-0.061593678
-0.111796506
0.34245262
0.057557408
-0.034837633
0.10237172
-0.06662264
-0.018683063
-0.034100667
-0.0010349293
0.06863938
-0.108226776
-0.0309433
0.1477365
0.1700092
0.11420628
-0.01586706
-0.042495362
0.23131539
-0.05323596
0.07759524
0.18555856
0.112973504
0.034574524
0.104591124
-0.12993954
-0.112269044
0.04290964
0.22394554
0.06211675
0.018345896
0.122947745
-0.060040332
-0.029890317
0.10052978
0.035158727
0.10860976
0.06701207
0.12581259
0.19867577
-0.010051543
0.08206289
-0.08615807
0.085839935
-0.021032425
0.069074236
0.14805353
0.19915828
-0.044669054
-0.036139306
-0.054156903
-0.018210465
-0.28421795
-0.12539029
-0.118626095
-0.08321941
0.22256525
-0.032942157
0.047698043
-0.022597782
0.007080661
-0.19517091
-0.00564504
-0.015238801
7.315797E-4
0.0027901381
0.009749933
0.07109135
-0.050826434
0.09336936
-0.06613917
-0.07168357
-0.016655335
0.020984383
0.2634492
-0.051793534
0.08011456
-0.1631664
0.043305904
-0.0639264
-0.06855928
-0.05248699
-0.021897744
0.0023591039
-0.1575947
0.09506139
-0.016105812
0.018453851
-0.05966058
-0.16055867
-0.10240389
0.10822084
-0.061752893
-0.10374743
-0.15827931
0.02009659
-0.0035372889
0.3311054
-0.030797092
0.04143641
0.090992294
-0.1406645
0.11475954
0.060826387
0.1519372
0.028455261
0.100062415
-0.07646243
-0.05552934
-0.02936054
-0.22425891
-0.096358255
0.06272634
-0.029007021
-0.020891083
-0.12816657
0.024361936
0.17013483
-0.09202669
-0.043295503
-0.07542597
0.09983435
0.011796306
0.009859765
0.06724015
0.12775475
0.16671544
-0.136371
0.027077204
0.07438376
-0.06028466
-0.114637345
0.16969778
-0.12159938
0.013824772
0.120124355
-0.07107141
0.035731718
-0.097928
0.07810963
-0.064846165
0.28110296
-0.12282719
-0.0145599665
-0.2833706
-0.18721312
-0.030241989
-0.05917714
-0.13700068
-0.12296354
0.057298698
0.10185297
0.005914567
-0.05141589
-0.10440884
0.050910912
0.019361453
0.072739184
-0.058148015
0.029955205
0.10009776
-0.08048567
0.27734667
0.021288965
-0.051277183
0.08244027
-0.18574284
0.2642877
0.24176152
0.08337755
-0.072371915
-0.09611029
0.13793819
0.07520802
0.10040765
0.020436974
0.087781936
-0.08837669
-0.15157166
0.05703586
-0.24884331
-9.97041E-5
0.060313083
-0.059101995
-0.011859361
0.11011196
0.15704544
0.007894021
0.1445041
0.33065045
-0.07639007
-0.14671347
0.010523352
-0.023922848
-0.03225477
-0.023167621
-0.1852157
-0.08479665
-0.094875105
-0.08177395
-0.064927496
0.10449739
0.0841475
-0.0035971294
-0.022218639
0.024979074
-0.03863129
0.09819676
-0.10132304
-0.19132254
-0.27468947
-0.24754573
-0.17405286
0.01620906
-0.09575079
0.15867895
-0.0049587013
0.010993808
0.09842326
0.057905395
0.016845506
-0.05391027
0.13253114
-0.086415775
0.1147063
0.08806696
-0.22872761
-0.066963546
0.1205634
0.10635449
0.14267948
-0.103218906
0.08028955
0.11262203
-0.26772133
0.011664227
0.17787915
-0.07815611
-0.096591614
0.14406145
0.087267004
-0.1619714
0.2697587
-0.19799463
-0.237059
0.111295566
0.13166292
-0.16061695
0.05893273
0.08288049
0.019771943
-0.17834634
-0.05631851
-0.07133547
-0.031321205
-0.008288737
0.16584326
-0.067841604
-0.12119919
0.07618801
-0.010310928
-0.14732887
0.0034615495
-0.036819626
-0.084139414
0.06874519
-0.03553707
-0.09037046
-0.11179898
-0.023206828
0.25464123
0.011915417
0.05079592
0.044376917
-0.05342578
-0.098743394
0.07209061
-0.11218144
-0.12294476
-0.14629547
0.25280184
0.003539624
0.07493148
-0.26461387
-0.25682136
-0.11012758
-0.08499157
-0.17073172
-0.028131554
0.018731799
0.07024146
0.14235936
0.085497044
0.062274467
-0.060426377
0.04245662
-0.09987466
0.16656496
-0.23116277
0.15841416
-0.059135538
0.05069147
0.33970952
0.051163822
0.041587166
-0.0357091
-0.08192204
0.15092632
0.0751224
0.052126728
-0.09647468
-0.004189833
-0.103977084
-0.018429203
0.24188338
0.0867563
0.035748344
0.02020392
0.17504592
-0.1592561
0.17900003
0.10679367
0.12866297
0.1479686
0.099137425
-0.040261645
-0.011623335
-0.14209326
0.14604658
0.040188383
-0.07175733
0.009497237
0.084870845
0.111146286
-0.20489514
-0.23664074
-0.082619436
-0.09924004
0.04937536
0.13260072
0.045893084
0.0064475983
-0.18837179
-0.08045025
-0.19200538
0.15411483
0.17780071
0.16070996
-0.24734451
-0.00971298
0.034930095
0.13314381
-0.1201206
0.08108393
0.053319998
-0.008488114
0.036272068
-0.041147783
-0.16927195
-0.02384102
0.04449122
-0.10585784
-0.087536335
-0.23571366
0.10946161
-0.07187431
0.016334701
0.13788924
-0.2081547
-0.15793763
0.06097728
-0.11288705
-0.08233075
0.04180386
-0.047236964
0.16646037
0.008576245
0.028152317
0.25120527
0.0012577012
-0.15236156
0.0025350207
0.0067813373
-0.07310098
-0.34445363
-0.26515013
-0.15037164
-0.020717705
0.042757284
-0.12161847
-0.10191696
-0.07359959
-0.031148909
-0.3460333
-0.08440999
-0.088773176
0.022068784
0.031540457
-0.25530457
0.05402658
0.19825901
0.0029296386
0.08269905
-0.10370504
0.06843635
-0.055307277
0.1359238
0.03476862
-0.15735717
-0.04966978
0.020848926
-0.10595017
-0.16689613
-0.10763344
0.11154549
-0.1874075
-0.031366087
0.165093
0.09245179
0.1047689
-0.105364144
-0.031366773
-0.0155930435
0.02973784
0.12531835
0.17216691
0.010557514
-0.16904745
-0.089259125
0.048965156
0.1373902
0.027725808
0.13000141
-0.08361222
0.094459355
0.13992894
0.029944213
0.23453286
-0.06679819
0.13202558
0.08541378
0.27778286
0.0711078
-0.06778167
-0.06726536
0.031775214
-0.06670265
0.06971211
0.097552046
-0.3375457
0.029241517
0.05075952
-0.10065507
0.15397659
0.03595539
0.17601246
-0.051099274
0.0054755523
0.08773862
-0.11917575
-0.17085706
0.08585975
0.025274377
-0.09910284
-0.045411732
0.10907494
-0.19116269
0.14915806
-0.14451477
0.08060226
-0.10642648
-0.10968021
-0.09129025
0.05815543
0.16906133
0.011754967
-0.007882925
-0.11426169
-0.09682244
0.06286982
-0.042624943
0.029521905
-0.07035484
0.052910335
0.05495409
-0.048493434
-0.12150148
0.00721365
0.105481125
-0.047061384
0.10953211
0.10249922
0.1372309
-0.14152029
0.0033481715
0.028332414
-0.015420995
-0.30316994
-0.07763678
-0.046002716
0.045016035
0.039279554
-0.13636036
0.031823114
0.03271457
-0.017726766
-0.051039632
0.08645815
-0.0891989
-0.024461495
0.010984855
-0.08360379
-0.13042586
0.058068693
-0.061217397
0.0032075006
-0.048126772
-0.16426554
-0.08787361
-0.24246012
0.109560765
0.057460617
0.2027957
-0.032067765
-0.07004651
-0.0778004
-0.15696508
-0.051343028
-0.19545318
-0.17053308
-0.072417416
-0.044311233
-0.016608281
-0.019406267
0.019259611
-0.0949272
0.03674688
-0.017784657
-0.07762724
0.25608435
-0.020124817
-0.043083712
-0.16927649
-0.09013431
-0.049207304
-0.050081726
-0.013015729
-0.06156641
0.01608641
-0.055330887
0.054953255
-0.119077064
-0.10068652
-0.06325567
0.09916302
-0.011077863
-0.093500115
-0.017552292
0.04607958
0.11994823
-0.11250629
-0.13046117
-0.149306
-0.1445006
0.10675906
0.033003416
0.00412842
0.008420333
0.03860076
-0.079100646
0.010619481
-0.104796
0.04575661
-0.06454932
-0.11557235
-0.058453333
0.03526349
-0.012191819
-0.102617964
0.104092896
0.055055454
0.09204701
-0.14368753
0.048470102
0.03161532
0.065422796
-0.004240303
0.24328941
-0.008920283
-0.011092513
0.14922044
0.052180886
-0.0020650264
-0.09875343
-0.05765165
-0.041046686
0.09601391
-1.4154607E-4
-0.04977363
0.0727499
-0.24641225
-0.042222705
0.056685526
-0.09768247
-0.15211605
0.14290701
0.018872732
-0.13359961
-0.13553794
0.016836587
-0.17415279
-0.09719394
-0.060899474
0.041442674
0.18964978
0.012537558
0.034799397
-0.1322036
0.0742697
0.008920472
-0.033465218
0.058746815
-0.092270285
0.15103225
-0.06592184
0.028473252
-0.19907917
-0.17102574
0.09989912
-0.03408837
-0.037360728
0.057172954
-0.10666042
-0.08860235
-0.091617525
0.07436468
-0.020974247
-0.026071569
-0.10737503
-0.03160555
-0.101255715
0.08908271
-0.10458909
-0.025786318
-0.084876075
-0.09360228
0.1950264
0.22650594
-0.046675514
-0.004195276
-0.057685636
-0.058058746
0.018409131
-0.099872485
0.0011161811
0.009703889
-0.096844144
-0.052433215
0.07169169
-0.017061945
0.018678924
-0.056294627
-0.1822876
-0.060039762
-0.103213966
0.13936684
-0.015893295
0.07017011
-0.08233591
-0.041112684
0.12136829
0.07113435
0.025421787
0.087207004
-0.015299559
0.08951552
-0.020474287
-0.01930237
0.085902326
-5.767816E-4
0.008711553
0.044268887
-0.0027684146
-0.03927091
0.111226425
0.18538634
-0.12220911
-0.27890024
0.08870658
-0.060636077
0.06372552
-0.015130969
0.13159025
0.054123268
0.04841788
0.060716566
-0.036253195
-0.14075714
-0.052096512
0.04630159
0.03452324
0.0789621
-0.06423703
-0.13047138
0.21441466
0.030890036
0.17530909
-0.20716666
-0.13134289
-0.15991865
-0.058849838
-0.07610672
0.14524485
0.19227163
-0.1830108
-0.004682832
0.02618894
-3.3291028E-4
-0.18223011
0.04005044
-0.045012087
-0.17465696
-0.058546644
0.033369716
0.05491487
-0.032235246
0.11104139
-0.059166346
-0.048157673
-0.061468855
-0.09685778
0.13257566
0.017284632
0.09473861
0.116428934
-0.0834604
-0.060785998
-0.1440839
-0.0050559146
0.072807185
-0.18465474
0.29099435
-0.086268656
-0.0805021
-0.114253834
0.02286407
0.14443694
0.0065834248
-0.076175034
-0.030812271
0.1526449
0.16534504
0.13784923
0.059426397
-0.056497898
-0.009807305
0.020732814
-0.14094192
-0.024794517
-0.15966682
0.20160167
0.039104402
0.18290801
-0.09055091
-0.0013146218
-0.12563857
0.025003081
0.12182469
-0.0652768
0.04372725
0.09237037
-0.08852141
0.08964772
-0.007879923
-0.011160804
0.022095526
0.16495593
-0.028443817
-0.17474473
0.27749705
0.19715312
-0.13109125
-0.11812838
-0.04779222
0.004660328
0.113534816
0.03984149
-0.14662512
0.08330449
0.0527919
-0.073765
-0.062804155
-0.038040284
-0.008763292
0.15661123
0.08059074
-0.03410799
-0.06503494
-0.08113411
0.07950454
0.22709826
0.015105714
-0.09724858
0.11905788
0.1459957
-0.02973684
-0.09947005
0.040703423
0.056589685
-7.078104E-4
0.039650984
-0.035548832
0.05498482
-0.08874752
-0.19725202
-0.05803777
-0.0069035795
-0.034130216
-0.13608633
0.0011290186
-0.09887232
0.11875971
0.065980226
-0.021184465
-0.11139619
-0.008982936
-0.14419018
-0.0053933724
-0.008435284
-0.21402895
-0.025729332
-0.16923538
0.108304024
-0.036438257
-0.1363874
-0.0364131
-0.0013689523
0.07469089
-0.080145486
0.04523022
0.16558842
0.04034239
-0.057216566
0.019234406
-0.011144787
0.099036686
0.03503077
-0.08837062
0.042246737
-0.09369734
0.16485663
-0.12881882
0.028688472
-0.12371254
0.15707454
0.08241314
0.10256819
-0.013450477
0.09549308
0.045126706
0.07196018
0.054594155
-0.15351407
-0.07976536
0.012696664
-0.04066717
0.08845679
-0.051848102
-0.0012086668
0.0022509038
-0.07611263
0.06726759
-0.073860146
-0.035245225
-0.030608092
-0.06299335
0.08004317
0.04682212
-0.11645609
0.009018539
-0.038972177
0.10006105
-0.024300748
0.024477785
-0.09472407
-0.08376695
0.060803737
0.084491245
-0.02583228
-0.13659787
0.025946653
0.22969735
-0.012139262
-0.097246096
-0.031532306
-0.02500023
0.04313231
0.06428756
-0.13679427
0.001519259
-0.03424274
-0.14391902
0.26501945
-0.12740275
-0.06895546
0.09301855
-0.07998102
-0.017388146
-0.021079151
0.057882044
-0.12528875
-0.08451168
-0.037349716
0.1081957
0.12661624
-0.10894696
0.0578043
-0.16141754
0.13173889
-0.1443043
-0.12662213
-0.07083713
-0.05241473
-0.041618932
0.0048365947
-0.009025345
-0.13078004
-0.1403964
0.031571742
-0.09576241
-0.18665552
0.032200396
-0.07441884
-0.059219502
-0.056540556
0.0042620674
0.08634906
-0.045795187
0.117674954
0.07739171
-0.09939193
0.0062569007
0.015690349
0.031507708
-0.11402956
0.17658578
0.04286031
0.036211334
-0.06907298
-0.04610773
-0.0061569805
-0.015702512
-0.04807136
-0.110253766
-0.18765958
-0.09990867
-0.051234715
-0.06351406
0.021028452
0.022880215
0.06747717
0.02491017
-0.040785808
-0.006282638
-0.019934593
0.087910086
-0.10336116
0.0015498768
-0.06581435
0.008225045
-0.023128424
0.0081984345
-0.050178837
0.038460888
0.2442087
0.025347307
0.04667577
-0.046871986
-0.020235013
0.14371523
-0.04019416
-0.04047244
0.04242555
-8.867442E-4
-0.0071526207
-0.06725907
-0.09931012
6.410924E-4
0.02001743
-0.016179195
0.09858974
-0.029026419
0.12652265
-0.12057302
-0.09705992
-0.11680562
-0.10172594
-0.10546128
0.0054427544
-0.08192117
0.029008389
-0.15535387
0.025952496
0.032008566
0.0140834795
0.1081218
-0.03271825
-0.03290542
0.021131575
-0.07885703
-0.13181596
-0.16676228
0.08332224
0.03523418
-0.075300954
0.009376151
0.032376565
0.10000477
-0.1741329
-0.11823098
-0.111904494
0.07659924
0.0127360225
0.045004178
0.035108168
0.14111407
0.015976258
-0.066115625
-0.021532543
-0.07640534
-0.13795935
0.06632477
-0.08778447
-0.030385857
0.04719564
-0.109022856
0.068999924
-0.08213422
-0.07030993
0.065047815
0.018122885
0.1502745
-0.07213018
0.009725782
-0.088821016
-0.029091362
0.06489016
-0.06330773
-0.053988717
0.103046514
-0.004973761
-0.08187787
